37.80800 -122.41770 0 1211012000
37.80810 -122.41780 0 1211012040
37.80820 -122.41790 1 1211012100
37.80750 -122.41680 1 1211012160
37.80520 -122.41520 1 1211012220
37.80100 -122.41300 1 1211012280
37.79500 -122.40900 1 1211012340
37.78900 -122.40500 1 1211012400
37.78100 -122.40200 1 1211012460
37.77000 -122.39900 1 1211012520
37.75500 -122.39500 1 1211012600
37.73500 -122.39100 1 1211012700
37.70500 -122.38700 1 1211012820
37.66500 -122.38100 1 1211012980
37.63500 -122.37800 1 1211013150
37.62100 -122.37600 1 1211013300
37.61890 -122.37500 1 1211013450
37.61880 -122.37490 0 1211013520
37.61850 -122.37450 0 1211013580
